{
  "round_survival_rates": {
    "22": 0.1698167539267016,
    "21": 0.24613636363636363,
    "20": 0.13033755274261605,
    "19": 0.04073705179282868,
    "18": 0.6321428571428572,
    "17": 0.4535687732342008,
    "16": 0.29441704035874433,
    "15": 0.32779069767441865,
    "14": 0.5222453703703704,
    "13": 0.22624,
    "12": 0.5991521739130435,
    "11": 0.49921052631578944,
    "10": 0.05752100840336135,
    "9": 0.27479452054794523,
    "8": 0.06756578947368422,
    "7": 0.42291512915129154,
    "6": 0.41500000000000004,
    "5": 0.33045833333333335,
    "4": 0.2347907949790795,
    "3": 0.018372093023255816
  },
  "round_expansion_rates": {
    "22": 0.025262030995106034,
    "21": 0.06603640877120398,
    "20": 0.04222325485336638,
    "19": 0.01164673128480099,
    "18": 0.3806677727084198,
    "17": 0.2899168399168399,
    "16": 0.08016305448653027,
    "15": 0.18743500511770725,
    "14": 0.26501302344219596,
    "13": 0.10098210612916496,
    "12": 0.14033444121312835,
    "11": 0.2917675923992483,
    "10": 0.008733660130718955,
    "9": 0.1458259251602233,
    "8": 0.02557948717948718,
    "7": 0.14711663947797718,
    "6": 0.2640900678593461,
    "5": 0.12947036960561634,
    "4": 0.09662466152884815,
    "3": 0.002173017507723996
  },
  "context_keys": {
    "plains|near_sett_8|coastal": {
      "survival_rates": [
        0.018372093023255816,
        0.2347907949790795,
        0.33045833333333335,
        0.41500000000000004,
        0.42291512915129154,
        0.06756578947368422,
        0.27479452054794523,
        0.05752100840336135,
        0.49921052631578944,
        0.5991521739130435,
        0.22624,
        0.5222453703703704,
        0.32779069767441865,
        0.29441704035874433,
        0.4535687732342008,
        0.6321428571428572,
        0.04073705179282868,
        0.13033755274261605,
        0.24613636363636363,
        0.1698167539267016
      ],
      "expansion_rates": [
        0.002173017507723996,
        0.09662466152884815,
        0.12947036960561634,
        0.2640900678593461,
        0.14711663947797718,
        0.02557948717948718,
        0.1458259251602233,
        0.008733660130718955,
        0.2917675923992483,
        0.14033444121312835,
        0.10098210612916496,
        0.26501302344219596,
        0.18743500511770725,
        0.08016305448653027,
        0.2899168399168399,
        0.3806677727084198,
        0.01164673128480099,
        0.04222325485336638,
        0.06603640877120398,
        0.025262030995106034
      ],
      "dists": [
        [
          1.0,
          0.0,
          0.0,
          0.0,
          0.0,
          0.0
        ],
        [
          0.9809756097560973,
          0.009756097560975613,
          0.004878048780487806,
          0.0012195121951219512,
          0.0031707317073170734,
          0.0
        ],
        [
          0.9995454545454546,
          0.00045454545454545455,
          0.0,
          0.0,
          0.0,
          0.0
        ],
        [
          0.8543939393939395,
          0.08590909090909092,
          0.04166666666666666,
          0.00954545454545455,
          0.008484848484848486,
          0.0
        ],
        [
          1.0,
          0.0,
          0.0,
          0.0,
          0.0,
          0.0
        ],
        [
          0.9931521739130429,
          0.001847826086956522,
          0.0014130434782608696,
          0.0005434782608695652,
          0.0030434782608695656,
          0.0
        ],
        [
          0.9398148148148147,
          0.027777777777777776,
          0.017777777777777788,
          0.00388888888888889,
          0.010740740740740747,
          0.0
        ],
        [
          1.0,
          0.0,
          0.0,
          0.0,
          0.0,
          0.0
        ],
        [
          0.9237878787878788,
          0.04424242424242423,
          0.02204545454545455,
          0.004015151515151516,
          0.005909090909090912,
          0.0
        ],
        [
          1.0,
          0.0,
          0.0,
          0.0,
          0.0,
          0.0
        ],
        [
          0.9904545454545454,
          0.005227272727272729,
          0.0020454545454545456,
          0.0009090909090909091,
          0.0013636363636363635,
          0.0
        ],
        [
          0.9951190476190477,
          0.003928571428571429,
          0.0005952380952380953,
          0.00035714285714285714,
          0.0,
          0.0
        ],
        [
          0.9131914893617024,
          0.044468085106382976,
          0.024787234042553192,
          0.005425531914893618,
          0.012127659574468088,
          0.0
        ],
        [
          1.0,
          0.0,
          0.0,
          0.0,
          0.0,
          0.0
        ],
        [
          0.8719117647058824,
          0.06779411764705882,
          0.03691176470588236,
          0.00808823529411765,
          0.015294117647058831,
          0.0
        ],
        [
          0.975,
          0.017931034482758627,
          0.005172413793103449,
          0.0010344827586206897,
          0.0008620689655172415,
          0.0
        ],
        [
          0.9997368421052633,
          0.0002631578947368421,
          0.0,
          0.0,
          0.0,
          0.0
        ],
        [
          1.0,
          0.0,
          0.0,
          0.0,
          0.0,
          0.0
        ],
        [
          0.9987037037037036,
          0.0007407407407407407,
          0.0,
          0.00037037037037037035,
          0.00018518518518518518,
          0.0
        ],
        [
          1.0,
          0.0,
          0.0,
          0.0,
          0.0,
          0.0
        ]
      ],
      "counts": [
        52,
        41,
        22,
        33,
        19,
        46,
        54,
        30,
        66,
        33,
        22,
        42,
        47,
        36,
        34,
        29,
        38,
        42,
        54,
        60
      ]
    },
    "plains|near_sett_7|coastal": {
      "survival_rates": [
        0.018372093023255816,
        0.2347907949790795,
        0.33045833333333335,
        0.41500000000000004,
        0.42291512915129154,
        0.06756578947368422,
        0.27479452054794523,
        0.05752100840336135,
        0.49921052631578944,
        0.5991521739130435,
        0.22624,
        0.5222453703703704,
        0.32779069767441865,
        0.29441704035874433,
        0.4535687732342008,
        0.6321428571428572,
        0.04073705179282868,
        0.13033755274261605,
        0.24613636363636363,
        0.1698167539267016
      ],
      "expansion_rates": [
        0.002173017507723996,
        0.09662466152884815,
        0.12947036960561634,
        0.2640900678593461,
        0.14711663947797718,
        0.02557948717948718,
        0.1458259251602233,
        0.008733660130718955,
        0.2917675923992483,
        0.14033444121312835,
        0.10098210612916496,
        0.26501302344219596,
        0.18743500511770725,
        0.08016305448653027,
        0.2899168399168399,
        0.3806677727084198,
        0.01164673128480099,
        0.04222325485336638,
        0.06603640877120398,
        0.025262030995106034
      ],
      "dists": [
        [
          1.0,
          0.0,
          0.0,
          0.0,
          0.0,
          0.0
        ],
        [
          0.9684615384615383,
          0.0126923076923077,
          0.01092307692307693,
          0.0020769230769230773,
          0.00584615384615385,
          0.0
        ],
        [
          0.999891304347826,
          0.00010869565217391305,
          0.0,
          0.0,
          0.0,
          0.0
        ],
        [
          0.7732758620689653,
          0.1125862068965517,
          0.07224137931034483,
          0.01931034482758621,
          0.022586206896551726,
          0.0
        ],
        [
          1.0,
          0.0,
          0.0,
          0.0,
          0.0,
          0.0
        ],
        [
          0.9876984126984124,
          0.0030952380952380958,
          0.002063492063492064,
          0.0006349206349206349,
          0.006507936507936511,
          0.0
        ],
        [
          0.9163253012048194,
          0.035843373493975886,
          0.023313253012048184,
          0.006867469879518076,
          0.017650602409638543,
          0.0
        ],
        [
          1.0,
          0.0,
          0.0,
          0.0,
          0.0,
          0.0
        ],
        [
          0.8811792452830188,
          0.06452830188679246,
          0.03783018867924527,
          0.006415094339622645,
          0.010047169811320757,
          0.0
        ],
        [
          1.0,
          0.0,
          0.0,
          0.0,
          0.0,
          0.0
        ],
        [
          0.9825454545454544,
          0.00954545454545455,
          0.004181818181818183,
          0.0019090909090909091,
          0.0018181818181818182,
          0.0
        ],
        [
          0.9858730158730156,
          0.010158730158730164,
          0.0018253968253968255,
          0.001507936507936508,
          0.0006349206349206349,
          0.0
        ],
        [
          0.8839795918367349,
          0.0510204081632653,
          0.038469387755102044,
          0.008673469387755107,
          0.01785714285714287,
          0.0
        ],
        [
          1.0,
          0.0,
          0.0,
          0.0,
          0.0,
          0.0
        ],
        [
          0.8380555555555553,
          0.08018518518518523,
          0.05212962962962963,
          0.010833333333333339,
          0.018796296296296307,
          0.0
        ],
        [
          0.9465957446808511,
          0.03765957446808511,
          0.011914893617021282,
          0.0020212765957446813,
          0.0018085106382978722,
          0.0
        ],
        [
          0.9990566037735849,
          0.0002830188679245283,
          0.00018867924528301886,
          0.00018867924528301886,
          0.0002830188679245283,
          0.0
        ],
        [
          1.0,
          0.0,
          0.0,
          0.0,
          0.0,
          0.0
        ],
        [
          0.9974666666666668,
          0.001666666666666667,
          0.0004,
          0.0002666666666666667,
          0.00019999999999999998,
          0.0
        ],
        [
          1.0,
          0.0,
          0.0,
          0.0,
          0.0,
          0.0
        ]
      ],
      "counts": [
        61,
        65,
        46,
        58,
        39,
        63,
        83,
        75,
        106,
        48,
        55,
        63,
        49,
        65,
        54,
        47,
        53,
        64,
        75,
        93
      ]
    },
    "forest|near_sett_6|coastal": {
      "survival_rates": [
        0.018372093023255816,
        0.2347907949790795,
        0.33045833333333335,
        0.41500000000000004,
        0.42291512915129154,
        0.06756578947368422,
        0.27479452054794523,
        0.05752100840336135,
        0.49921052631578944,
        0.5991521739130435,
        0.22624,
        0.5222453703703704,
        0.32779069767441865,
        0.29441704035874433,
        0.4535687732342008,
        0.6321428571428572,
        0.04073705179282868,
        0.13033755274261605,
        0.24613636363636363,
        0.1698167539267016
      ],
      "expansion_rates": [
        0.002173017507723996,
        0.09662466152884815,
        0.12947036960561634,
        0.2640900678593461,
        0.14711663947797718,
        0.02557948717948718,
        0.1458259251602233,
        0.008733660130718955,
        0.2917675923992483,
        0.14033444121312835,
        0.10098210612916496,
        0.26501302344219596,
        0.18743500511770725,
        0.08016305448653027,
        0.2899168399168399,
        0.3806677727084198,
        0.01164673128480099,
        0.04222325485336638,
        0.06603640877120398,
        0.025262030995106034
      ],
      "dists": [
        [
          0.0,
          0.0,
          0.0,
          0.0,
          1.0,
          0.0
        ],
        [
          0.01750000000000001,
          0.0226388888888889,
          0.013055555555555562,
          0.002777777777777778,
          0.9440277777777776,
          0.0
        ],
        [
          0.001730769230769231,
          0.006346153846153848,
          0.0023076923076923075,
          0.0009615384615384616,
          0.988653846153846,
          0.0
        ],
        [
          0.06608695652173914,
          0.12195652173913044,
          0.09434782608695652,
          0.0191304347826087,
          0.6984782608695653,
          0.0
        ],
        [
          0.0,
          0.0,
          0.0,
          0.0,
          1.0,
          0.0
        ],
        [
          0.01760869565217392,
          0.0052173913043478265,
          0.002173913043478261,
          0.0015217391304347828,
          0.9734782608695651,
          0.0
        ],
        [
          0.04410256410256409,
          0.04192307692307693,
          0.03128205128205128,
          0.009230769230769237,
          0.8734615384615384,
          0.0
        ],
        [
          0.0,
          0.0,
          0.0,
          0.0,
          1.0,
          0.0
        ],
        [
          0.030476190476190483,
          0.09369047619047619,
          0.04940476190476191,
          0.008452380952380956,
          0.8179761904761904,
          0.0
        ],
        [
          0.0,
          0.0,
          0.0,
          0.0,
          1.0,
          0.0
        ],
        [
          0.014000000000000004,
          0.016000000000000004,
          0.011600000000000001,
          0.004000000000000001,
          0.9543999999999998,
          0.0
        ],
        [
          0.005185185185185186,
          0.0487037037037037,
          0.025555555555555557,
          0.004629629629629629,
          0.9159259259259259,
          0.0
        ],
        [
          0.05083333333333332,
          0.07027777777777777,
          0.053888888888888896,
          0.012638888888888894,
          0.8123611111111111,
          0.0
        ],
        [
          0.00016666666666666666,
          0.00016666666666666666,
          0.0003333333333333333,
          0.0,
          0.9993333333333335,
          0.0
        ],
        [
          0.04714285714285715,
          0.09982142857142859,
          0.06767857142857144,
          0.011250000000000001,
          0.7741071428571429,
          0.0
        ],
        [
          0.01589285714285715,
          0.08464285714285714,
          0.06410714285714288,
          0.005357142857142856,
          0.8300000000000002,
          0.0
        ],
        [
          0.0020370370370370364,
          0.0014814814814814814,
          0.0007407407407407407,
          0.0005555555555555556,
          0.9951851851851851,
          0.0
        ],
        [
          0.0006060606060606061,
          0.00045454545454545455,
          0.00030303030303030303,
          0.00015151515151515152,
          0.9984848484848485,
          0.0
        ],
        [
          0.008269230769230772,
          0.008846153846153849,
          0.0055769230769230765,
          0.0024999999999999996,
          0.9748076923076922,
          0.0
        ],
        [
          0.0,
          0.0,
          0.0,
          0.0,
          1.0,
          0.0
        ]
      ],
      "counts": [
        24,
        36,
        26,
        23,
        20,
        23,
        39,
        38,
        42,
        25,
        25,
        27,
        36,
        30,
        28,
        28,
        27,
        33,
        26,
        49
      ]
    },
    "plains|near_sett_5|coastal": {
      "survival_rates": [
        0.018372093023255816,
        0.2347907949790795,
        0.33045833333333335,
        0.41500000000000004,
        0.42291512915129154,
        0.06756578947368422,
        0.27479452054794523,
        0.05752100840336135,
        0.49921052631578944,
        0.5991521739130435,
        0.22624,
        0.5222453703703704,
        0.32779069767441865,
        0.29441704035874433,
        0.4535687732342008,
        0.6321428571428572,
        0.04073705179282868,
        0.13033755274261605,
        0.24613636363636363,
        0.1698167539267016
      ],
      "expansion_rates": [
        0.002173017507723996,
        0.09662466152884815,
        0.12947036960561634,
        0.2640900678593461,
        0.14711663947797718,
        0.02557948717948718,
        0.1458259251602233,
        0.008733660130718955,
        0.2917675923992483,
        0.14033444121312835,
        0.10098210612916496,
        0.26501302344219596,
        0.18743500511770725,
        0.08016305448653027,
        0.2899168399168399,
        0.3806677727084198,
        0.01164673128480099,
        0.04222325485336638,
        0.06603640877120398,
        0.025262030995106034
      ],
      "dists": [
        [
          1.0,
          0.0,
          0.0,
          0.0,
          0.0,
          0.0
        ],
        [
          0.9386507936507941,
          0.02710317460317458,
          0.019126984126984107,
          0.0042857142857142885,
          0.010833333333333325,
          0.0
        ],
        [
          0.9768796992481201,
          0.014436090225563889,
          0.0050375939849624084,
          0.0019172932330827081,
          0.0017293233082706773,
          0.0
        ],
        [
          0.6966917293233086,
          0.15146616541353386,
          0.09796992481203005,
          0.023759398496240584,
          0.030112781954887185,
          0.0
        ],
        [
          1.0,
          0.0,
          0.0,
          0.0,
          0.0,
          0.0
        ],
        [
          0.9605862068965512,
          0.006689655172413798,
          0.005482758620689658,
          0.0021379310344827596,
          0.02510344827586203,
          0.0
        ],
        [
          0.8336734693877553,
          0.0645578231292517,
          0.04931972789115645,
          0.011734693877551008,
          0.04071428571428572,
          0.0
        ],
        [
          1.0,
          0.0,
          0.0,
          0.0,
          0.0,
          0.0
        ],
        [
          0.7794753086419752,
          0.12364197530864192,
          0.06339506172839504,
          0.012407407407407395,
          0.021080246913580226,
          0.0
        ],
        [
          1.0,
          0.0,
          0.0,
          0.0,
          0.0,
          0.0
        ],
        [
          0.9250373134328364,
          0.03082089552238804,
          0.022276119402985062,
          0.007014925373134334,
          0.014850746268656703,
          0.0
        ],
        [
          0.8494247787610621,
          0.0889823008849557,
          0.043584070796460185,
          0.008761061946902661,
          0.009247787610619472,
          0.0
        ],
        [
          0.7796276595744686,
          0.09090425531914893,
          0.07335106382978726,
          0.014893617021276583,
          0.041223404255319146,
          0.0
        ],
        [
          0.9993359375000003,
          0.00039062499999999997,
          3.90625e-05,
          0.00015625,
          7.8125e-05,
          0.0
        ],
        [
          0.7140756302521009,
          0.12357142857142865,
          0.10466386554621847,
          0.016554621848739483,
          0.04113445378151259,
          0.0
        ],
        [
          0.7519090909090914,
          0.12663636363636363,
          0.0990909090909091,
          0.009772727272727271,
          0.012590909090909088,
          0.0
        ],
        [
          0.9935271317829462,
          0.0016666666666666672,
          0.0012015503875968997,
          0.000736434108527132,
          0.0028682170542635678,
          0.0
        ],
        [
          0.9958823529411771,
          0.0020588235294117653,
          0.0008823529411764708,
          0.0007189542483660131,
          0.000457516339869281,
          0.0
        ],
        [
          0.9693564356435643,
          0.014405940594059398,
          0.007772277227722777,
          0.002376237623762378,
          0.006089108910891092,
          0.0
        ],
        [
          1.0,
          0.0,
          0.0,
          0.0,
          0.0,
          0.0
        ]
      ],
      "counts": [
        118,
        126,
        133,
        133,
        125,
        145,
        147,
        146,
        162,
        140,
        134,
        113,
        94,
        128,
        119,
        110,
        129,
        153,
        101,
        133
      ]
    },
    "plains|near_sett_4|coastal": {
      "survival_rates": [
        0.018372093023255816,
        0.2347907949790795,
        0.33045833333333335,
        0.41500000000000004,
        0.42291512915129154,
        0.06756578947368422,
        0.27479452054794523,
        0.05752100840336135,
        0.49921052631578944,
        0.5991521739130435,
        0.22624,
        0.5222453703703704,
        0.32779069767441865,
        0.29441704035874433,
        0.4535687732342008,
        0.6321428571428572,
        0.04073705179282868,
        0.13033755274261605,
        0.24613636363636363,
        0.1698167539267016
      ],
      "expansion_rates": [
        0.002173017507723996,
        0.09662466152884815,
        0.12947036960561634,
        0.2640900678593461,
        0.14711663947797718,
        0.02557948717948718,
        0.1458259251602233,
        0.008733660130718955,
        0.2917675923992483,
        0.14033444121312835,
        0.10098210612916496,
        0.26501302344219596,
        0.18743500511770725,
        0.08016305448653027,
        0.2899168399168399,
        0.3806677727084198,
        0.01164673128480099,
        0.04222325485336638,
        0.06603640877120398,
        0.025262030995106034
      ],
      "dists": [
        [
          1.0,
          0.0,
          0.0,
          0.0,
          0.0,
          0.0
        ],
        [
          0.8686363636363641,
          0.04572727272727272,
          0.039818181818181794,
          0.007909090909090904,
          0.037909090909090906,
          0.0
        ],
        [
          0.8957784431137723,
          0.04353293413173649,
          0.04077844311377242,
          0.00718562874251497,
          0.012724550898203572,
          0.0
        ],
        [
          0.604903846153846,
          0.17099358974358986,
          0.14096153846153847,
          0.02897435897435896,
          0.05416666666666666,
          0.0
        ],
        [
          0.998924731182796,
          0.0009677419354838712,
          5.3763440860215054e-05,
          2.6881720430107527e-05,
          2.6881720430107527e-05,
          0.0
        ],
        [
          0.9520833333333332,
          0.00839743589743589,
          0.0057371794871794906,
          0.0029166666666666685,
          0.030865384615384572,
          0.0
        ],
        [
          0.8141411042944786,
          0.06291411042944785,
          0.05947852760736194,
          0.014478527607361933,
          0.0489877300613497,
          0.0
        ],
        [
          1.0,
          0.0,
          0.0,
          0.0,
          0.0,
          0.0
        ],
        [
          0.6687500000000001,
          0.15769886363636362,
          0.1128977272727273,
          0.018551136363636343,
          0.042102272727272703,
          0.0
        ],
        [
          1.0,
          0.0,
          0.0,
          0.0,
          0.0,
          0.0
        ],
        [
          0.8982102272727275,
          0.04315340909090908,
          0.028835227272727252,
          0.009204545454545441,
          0.020596590909090873,
          0.0
        ],
        [
          0.6857258064516129,
          0.13862903225806456,
          0.12750000000000006,
          0.019072580645161274,
          0.029072580645161286,
          0.0
        ],
        [
          0.7569583333333331,
          0.09537500000000008,
          0.07883333333333328,
          0.018416666666666647,
          0.05041666666666666,
          0.0
        ],
        [
          0.9506040268456377,
          0.02503355704697985,
          0.018255033557046968,
          0.002046979865771813,
          0.00406040268456376,
          0.0
        ],
        [
          0.6773529411764709,
          0.15067647058823544,
          0.0993823529411765,
          0.018823529411764683,
          0.053764705882352944,
          0.0
        ],
        [
          0.6555279503105592,
          0.18524844720496897,
          0.12409937888198752,
          0.015621118012422336,
          0.019503105590062093,
          0.0
        ],
        [
          0.9893333333333335,
          0.002266666666666668,
          0.001433333333333334,
          0.0010666666666666672,
          0.005900000000000004,
          0.0
        ],
        [
          0.9710975609756098,
          0.010518292682926816,
          0.008689024390243895,
          0.002713414634146343,
          0.006981707317073169,
          0.0
        ],
        [
          0.9470754716981132,
          0.020943396226415088,
          0.013207547169811318,
          0.006320754716981135,
          0.012452830188679242,
          0.0
        ],
        [
          1.0,
          0.0,
          0.0,
          0.0,
          0.0,
          0.0
        ]
      ],
      "counts": [
        145,
        165,
        167,
        156,
        186,
        156,
        163,
        154,
        176,
        158,
        176,
        124,
        120,
        149,
        170,
        161,
        150,
        164,
        106,
        139
      ]
    },
    "forest|near_sett_3|coastal": {
      "survival_rates": [
        0.018372093023255816,
        0.2347907949790795,
        0.33045833333333335,
        0.41500000000000004,
        0.42291512915129154,
        0.06756578947368422,
        0.27479452054794523,
        0.05752100840336135,
        0.49921052631578944,
        0.5991521739130435,
        0.22624,
        0.5222453703703704,
        0.32779069767441865,
        0.29441704035874433,
        0.4535687732342008,
        0.6321428571428572,
        0.04073705179282868,
        0.13033755274261605,
        0.24613636363636363,
        0.1698167539267016
      ],
      "expansion_rates": [
        0.002173017507723996,
        0.09662466152884815,
        0.12947036960561634,
        0.2640900678593461,
        0.14711663947797718,
        0.02557948717948718,
        0.1458259251602233,
        0.008733660130718955,
        0.2917675923992483,
        0.14033444121312835,
        0.10098210612916496,
        0.26501302344219596,
        0.18743500511770725,
        0.08016305448653027,
        0.2899168399168399,
        0.3806677727084198,
        0.01164673128480099,
        0.04222325485336638,
        0.06603640877120398,
        0.025262030995106034
      ],
      "dists": [
        [
          0.00017857142857142857,
          0.0,
          0.0,
          0.0,
          0.9998214285714286,
          0.0
        ],
        [
          0.0825757575757576,
          0.04742424242424243,
          0.0531818181818182,
          0.010681818181818188,
          0.8061363636363637,
          0.0
        ],
        [
          0.04921874999999998,
          0.07851562499999999,
          0.061484374999999994,
          0.013125000000000008,
          0.7976562500000001,
          0.0
        ],
        [
          0.136875,
          0.179875,
          0.12787500000000002,
          0.030250000000000006,
          0.525125,
          0.0
        ],
        [
          0.011893939393939398,
          0.10962121212121212,
          0.037500000000000006,
          0.00484848484848485,
          0.8361363636363638,
          0.0
        ],
        [
          0.07653846153846151,
          0.011538461538461544,
          0.008653846153846158,
          0.00403846153846154,
          0.8992307692307695,
          0.0
        ],
        [
          0.10013157894736843,
          0.08513157894736845,
          0.05921052631578947,
          0.017236842105263165,
          0.7382894736842106,
          0.0
        ],
        [
          0.0012037037037037036,
          0.0012962962962962965,
          0.00018518518518518518,
          0.00018518518518518518,
          0.9971296296296296,
          0.0
        ],
        [
          0.09896226415094343,
          0.2043396226415095,
          0.1228301886792453,
          0.02216981132075472,
          0.5516981132075471,
          0.0
        ],
        [
          0.0012142857142857144,
          0.035071428571428566,
          0.008071428571428571,
          0.0005714285714285715,
          0.9550714285714285,
          0.0
        ],
        [
          0.10875000000000007,
          0.06499999999999999,
          0.04509615384615385,
          0.013076923076923081,
          0.768076923076923,
          0.0
        ],
        [
          0.08338235294117646,
          0.21705882352941186,
          0.141764705882353,
          0.03308823529411766,
          0.5247058823529411,
          0.0
        ],
        [
          0.1020754716981132,
          0.1112264150943397,
          0.08,
          0.01933962264150944,
          0.6873584905660377,
          0.0
        ],
        [
          0.0185,
          0.03816666666666666,
          0.020916666666666677,
          0.004583333333333336,
          0.917833333333333,
          0.0
        ],
        [
          0.10406666666666668,
          0.1719333333333334,
          0.11206666666666666,
          0.022133333333333324,
          0.5898000000000002,
          0.0
        ],
        [
          0.09840425531914894,
          0.22244680851063825,
          0.20872340425531924,
          0.026808510638297867,
          0.4436170212765957,
          0.0
        ],
        [
          0.07295454545454548,
          0.005909090909090909,
          0.0038636363636363647,
          0.0038636363636363647,
          0.9134090909090908,
          0.0
        ],
        [
          0.02840579710144925,
          0.019492753623188402,
          0.014202898550724645,
          0.005434782608695655,
          0.9324637681159417,
          0.0
        ],
        [
          0.0975,
          0.042826086956521736,
          0.05021739130434782,
          0.011086956521739135,
          0.7983695652173912,
          0.0
        ],
        [
          0.0014285714285714288,
          0.004489795918367348,
          0.0008163265306122449,
          0.0009183673469387755,
          0.9923469387755101,
          0.0
        ]
      ],
      "counts": [
        56,
        66,
        64,
        40,
        66,
        52,
        38,
        54,
        53,
        70,
        52,
        34,
        53,
        60,
        75,
        47,
        44,
        69,
        46,
        49
      ]
    },
    "plains|near_sett_2|coastal": {
      "survival_rates": [
        0.018372093023255816,
        0.2347907949790795,
        0.33045833333333335,
        0.41500000000000004,
        0.42291512915129154,
        0.06756578947368422,
        0.27479452054794523,
        0.05752100840336135,
        0.49921052631578944,
        0.5991521739130435,
        0.22624,
        0.5222453703703704,
        0.32779069767441865,
        0.29441704035874433,
        0.4535687732342008,
        0.6321428571428572,
        0.04073705179282868,
        0.13033755274261605,
        0.24613636363636363,
        0.1698167539267016
      ],
      "expansion_rates": [
        0.002173017507723996,
        0.09662466152884815,
        0.12947036960561634,
        0.2640900678593461,
        0.14711663947797718,
        0.02557948717948718,
        0.1458259251602233,
        0.008733660130718955,
        0.2917675923992483,
        0.14033444121312835,
        0.10098210612916496,
        0.26501302344219596,
        0.18743500511770725,
        0.08016305448653027,
        0.2899168399168399,
        0.3806677727084198,
        0.01164673128480099,
        0.04222325485336638,
        0.06603640877120398,
        0.025262030995106034
      ],
      "dists": [
        [
          0.9942248062015506,
          0.0012403100775193803,
          0.0006201550387596898,
          0.0006201550387596901,
          0.003294573643410855,
          0.0
        ],
        [
          0.8342805755395681,
          0.062122302158273364,
          0.052158273381294945,
          0.011043165467625892,
          0.040395683453237394,
          0.0
        ],
        [
          0.6787593984962407,
          0.11323308270676694,
          0.12127819548872178,
          0.02131578947368419,
          0.0654135338345865,
          0.0
        ],
        [
          0.5587931034482759,
          0.19436781609195403,
          0.16373563218390805,
          0.03132183908045976,
          0.05178160919540232,
          0.0
        ],
        [
          0.6795224719101124,
          0.13047752808988763,
          0.14294943820224726,
          0.018202247191011208,
          0.028848314606741532,
          0.0
        ],
        [
          0.9312598425196852,
          0.01523622047244093,
          0.009448818897637792,
          0.004330708661417325,
          0.039724409448818894,
          0.0
        ],
        [
          0.7869827586206898,
          0.0769396551724138,
          0.06956896551724139,
          0.01551724137931033,
          0.05099137931034482,
          0.0
        ],
        [
          0.9757539682539681,
          0.006746031746031749,
          0.004801587301587304,
          0.0020634920634920646,
          0.01063492063492063,
          0.0
        ],
        [
          0.5903431372549018,
          0.20715686274509804,
          0.13416666666666663,
          0.022401960784313717,
          0.0459313725490196,
          0.0
        ],
        [
          0.6168918918918921,
          0.17635135135135133,
          0.1851351351351352,
          0.008885135135135131,
          0.012736486486486473,
          0.0
        ],
        [
          0.8001145038167944,
          0.06900763358778628,
          0.056755725190839684,
          0.015458015267175555,
          0.05866412213740461,
          0.0
        ],
        [
          0.43599009900990104,
          0.23727722772277232,
          0.21282178217821776,
          0.03589108910891088,
          0.078019801980198,
          0.0
        ],
        [
          0.7179999999999999,
          0.11488888888888887,
          0.09227777777777779,
          0.021277777777777767,
          0.05355555555555556,
          0.0
        ],
        [
          0.7594444444444445,
          0.0794871794871795,
          0.0988888888888889,
          0.012264957264957256,
          0.04991452991452988,
          0.0
        ],
        [
          0.6237215909090909,
          0.17920454545454548,
          0.11562500000000005,
          0.023068181818181786,
          0.05838068181818182,
          0.0
        ],
        [
          0.42704166666666654,
          0.2705833333333334,
          0.22070833333333323,
          0.03204166666666662,
          0.049625,
          0.0
        ],
        [
          0.9491743119266048,
          0.004541284403669727,
          0.005091743119266059,
          0.002935779816513763,
          0.03825688073394495,
          0.0
        ],
        [
          0.871503759398496,
          0.03857142857142854,
          0.026879699248120285,
          0.008759398496240597,
          0.05428571428571429,
          0.0
        ],
        [
          0.8272123893805308,
          0.05176991150442473,
          0.05420353982300886,
          0.01163716814159291,
          0.055176991150442466,
          0.0
        ],
        [
          0.9250970873786409,
          0.02504854368932037,
          0.02786407766990291,
          0.005145631067961167,
          0.016844660194174754,
          0.0
        ]
      ],
      "counts": [
        129,
        139,
        133,
        87,
        178,
        127,
        116,
        126,
        102,
        148,
        131,
        101,
        90,
        117,
        176,
        120,
        109,
        133,
        113,
        103
      ]
    },
    "plains|near_sett_3|coastal": {
      "survival_rates": [
        0.018372093023255816,
        0.2347907949790795,
        0.33045833333333335,
        0.41500000000000004,
        0.42291512915129154,
        0.06756578947368422,
        0.27479452054794523,
        0.05752100840336135,
        0.49921052631578944,
        0.5991521739130435,
        0.22624,
        0.5222453703703704,
        0.32779069767441865,
        0.29441704035874433,
        0.4535687732342008,
        0.6321428571428572,
        0.04073705179282868,
        0.13033755274261605,
        0.24613636363636363,
        0.1698167539267016
      ],
      "expansion_rates": [
        0.002173017507723996,
        0.09662466152884815,
        0.12947036960561634,
        0.2640900678593461,
        0.14711663947797718,
        0.02557948717948718,
        0.1458259251602233,
        0.008733660130718955,
        0.2917675923992483,
        0.14033444121312835,
        0.10098210612916496,
        0.26501302344219596,
        0.18743500511770725,
        0.08016305448653027,
        0.2899168399168399,
        0.3806677727084198,
        0.01164673128480099,
        0.04222325485336638,
        0.06603640877120398,
        0.025262030995106034
      ],
      "dists": [
        [
          0.9998322147651009,
          6.711409395973155e-05,
          0.0,
          6.711409395973155e-05,
          3.3557046979865775e-05,
          0.0
        ],
        [
          0.8497580645161289,
          0.052338709677419305,
          0.04706989247311825,
          0.009999999999999983,
          0.040833333333333326,
          0.0
        ],
        [
          0.8351302083333333,
          0.07286458333333337,
          0.05924479166666663,
          0.012317708333333304,
          0.0204427083333333,
          0.0
        ],
        [
          0.5967692307692306,
          0.18257692307692308,
          0.134,
          0.028923076923076906,
          0.05773076923076923,
          0.0
        ],
        [
          0.8499752475247526,
          0.10264851485148518,
          0.03636138613861385,
          0.006410891089108905,
          0.004603960396039607,
          0.0
        ],
        [
          0.9397175141242937,
          0.011638418079096016,
          0.00805084745762711,
          0.004265536723163844,
          0.03632768361581917,
          0.0
        ],
        [
          0.7884472049689435,
          0.08614906832298136,
          0.058913043478260874,
          0.015714285714285688,
          0.05077639751552794,
          0.0
        ],
        [
          0.9981543624161076,
          0.00087248322147651,
          0.00046979865771812075,
          0.0002684563758389262,
          0.00023489932885906043,
          0.0
        ],
        [
          0.6359057971014491,
          0.17858695652173906,
          0.120036231884058,
          0.020797101449275348,
          0.044673913043478224,
          0.0
        ],
        [
          0.951656050955414,
          0.04038216560509549,
          0.005891719745222931,
          0.0013057324840764337,
          0.000764331210191083,
          0.0
        ],
        [
          0.8176315789473687,
          0.07035087719298243,
          0.04678362573099414,
          0.013245614035087701,
          0.051988304093567236,
          0.0
        ],
        [
          0.5908333333333334,
          0.18920289855072467,
          0.15181159420289864,
          0.025978260869565183,
          0.04217391304347825,
          0.0
        ],
        [
          0.7385227272727278,
          0.11196969696969698,
          0.07958333333333334,
