{
  "round_survival_rates": {
    "16": 0.29441704035874433,
    "15": 0.32779069767441865,
    "14": 0.5222453703703704,
    "13": 0.22624,
    "12": 0.5991521739130435,
    "11": 0.49921052631578944,
    "10": 0.05752100840336135,
    "9": 0.27479452054794523,
    "8": 0.06756578947368422,
    "7": 0.42291512915129154,
    "6": 0.41500000000000004,
    "5": 0.33045833333333335,
    "4": 0.2347907949790795,
    "3": 0.018372093023255816,
    "2": 0.4146666666666667,
    "1": 0.4185336538461539
  },
  "context_keys": {
    "plains|near_sett_9|coastal": {
      "rates": [
        0.018372093023255816,
        0.05752100840336135,
        0.06756578947368422,
        0.22624,
        0.2347907949790795,
        0.27479452054794523,
        0.29441704035874433,
        0.32779069767441865,
        0.33045833333333335,
        0.4146666666666667,
        0.41500000000000004,
        0.4185336538461539,
        0.42291512915129154,
        0.49921052631578944,
        0.5222453703703704,
        0.5991521739130435
      ],
      "dists": [
        [
          1.0,
          0.0,
          0.0,
          0.0,
          0.0,
          0.0
        ],
        [
          1.0,
          0.0,
          0.0,
          0.0,
          0.0,
          0.0
        ],
        [
          0.9947826086956522,
          0.0002173913043478261,
          0.0010869565217391304,
          0.0006521739130434782,
          0.003260869565217391,
          0.0
        ],
        [
          0.9979166666666667,
          0.0004166666666666667,
          0.0008333333333333334,
          0.0008333333333333334,
          0.0,
          0.0
        ],
        [
          0.9938095238095237,
          0.002857142857142857,
          0.002142857142857143,
          0.0004761904761904762,
          0.0007142857142857143,
          0.0
        ],
        [
          0.96125,
          0.01928571428571429,
          0.008749999999999999,
          0.0025,
          0.008214285714285716,
          0.0
        ],
        [
          1.0,
          0.0,
          0.0,
          0.0,
          0.0,
          0.0
        ],
        [
          0.9358333333333335,
          0.03535714285714286,
          0.015833333333333338,
          0.004761904761904763,
          0.008214285714285716,
          0.0
        ],
        [
          1.0,
          0.0,
          0.0,
          0.0,
          0.0,
          0.0
        ],
        [
          0.9033333333333333,
          0.057857142857142864,
          0.026190476190476198,
          0.005238095238095239,
          0.007380952380952382,
          0.0
        ],
        [
          0.9140909090909091,
          0.05250000000000001,
          0.023181818181818182,
          0.007272727272727273,
          0.002954545454545454,
          0.0
        ],
        [
          0.9964000000000003,
          0.0031999999999999997,
          0.0002,
          0.0002,
          0.0,
          0.0
        ],
        [
          1.0,
          0.0,
          0.0,
          0.0,
          0.0,
          0.0
        ],
        [
          0.9704545454545453,
          0.019090909090909096,
          0.006181818181818183,
          0.001818181818181818,
          0.002454545454545455,
          0.0
        ],
        [
          1.0,
          0.0,
          0.0,
          0.0,
          0.0,
          0.0
        ],
        [
          1.0,
          0.0,
          0.0,
          0.0,
          0.0,
          0.0
        ]
      ],
      "counts": [
        32,
        15,
        23,
        12,
        21,
        28,
        20,
        42,
        9,
        21,
        22,
        25,
        15,
        55,
        27,
        13
      ]
    },
    "plains|near_sett_7|coastal": {
      "rates": [
        0.018372093023255816,
        0.05752100840336135,
        0.06756578947368422,
        0.22624,
        0.2347907949790795,
        0.27479452054794523,
        0.29441704035874433,
        0.32779069767441865,
        0.33045833333333335,
        0.4146666666666667,
        0.41500000000000004,
        0.4185336538461539,
        0.42291512915129154,
        0.49921052631578944,
        0.5222453703703704,
        0.5991521739130435
      ],
      "dists": [
        [
          1.0,
          0.0,
          0.0,
          0.0,
          0.0,
          0.0
        ],
        [
          1.0,
          0.0,
          0.0,
          0.0,
          0.0,
          0.0
        ],
        [
          0.9876984126984124,
          0.0030952380952380958,
          0.002063492063492064,
          0.0006349206349206349,
          0.006507936507936511,
          0.0
        ],
        [
          0.9825454545454544,
          0.00954545454545455,
          0.004181818181818183,
          0.0019090909090909091,
          0.0018181818181818182,
          0.0
        ],
        [
          0.9684615384615383,
          0.0126923076923077,
          0.01092307692307693,
          0.0020769230769230773,
          0.00584615384615385,
          0.0
        ],
        [
          0.9163253012048194,
          0.035843373493975886,
          0.023313253012048184,
          0.006867469879518076,
          0.017650602409638543,
          0.0
        ],
        [
          1.0,
          0.0,
          0.0,
          0.0,
          0.0,
          0.0
        ],
        [
          0.8839795918367349,
          0.0510204081632653,
          0.038469387755102044,
          0.008673469387755107,
          0.01785714285714287,
          0.0
        ],
        [
          0.999891304347826,
          0.00010869565217391305,
          0.0,
          0.0,
          0.0,
          0.0
        ],
        [
          0.8364179104477611,
          0.08305970149253729,
          0.052835820895522384,
          0.010895522388059707,
          0.01679104477611941,
          0.0
        ],
        [
          0.7732758620689653,
          0.1125862068965517,
          0.07224137931034483,
          0.01931034482758621,
          0.022586206896551726,
          0.0
        ],
        [
          0.9348387096774191,
          0.032822580645161276,
          0.023951612903225797,
          0.003064516129032259,
          0.005322580645161292,
          0.0
        ],
        [
          1.0,
          0.0,
          0.0,
          0.0,
          0.0,
          0.0
        ],
        [
          0.8811792452830188,
          0.06452830188679246,
          0.03783018867924527,
          0.006415094339622645,
          0.010047169811320757,
          0.0
        ],
        [
          0.9858730158730156,
          0.010158730158730164,
          0.0018253968253968255,
          0.001507936507936508,
          0.0006349206349206349,
          0.0
        ],
        [
          1.0,
          0.0,
          0.0,
          0.0,
          0.0,
          0.0
        ]
      ],
      "counts": [
        61,
        75,
        63,
        55,
        65,
        83,
        65,
        49,
        46,
        67,
        58,
        62,
        39,
        106,
        63,
        48
      ]
    },
    "plains|near_sett_6|coastal": {
      "rates": [
        0.018372093023255816,
        0.05752100840336135,
        0.06756578947368422,
        0.22624,
        0.2347907949790795,
        0.27479452054794523,
        0.29441704035874433,
        0.32779069767441865,
        0.33045833333333335,
        0.4146666666666667,
        0.41500000000000004,
        0.4185336538461539,
        0.42291512915129154,
        0.49921052631578944,
        0.5222453703703704,
        0.5991521739130435
      ],
      "dists": [
        [
          1.0,
          0.0,
          0.0,
          0.0,
          0.0,
          0.0
        ],
        [
          1.0,
          0.0,
          0.0,
          0.0,
          0.0,
          0.0
        ],
        [
          0.9821008403361342,
          0.005084033613445382,
          0.0030252100840336147,
          0.0018487394957983202,
          0.00794117647058824,
          0.0
        ],
        [
          0.9471226415094338,
          0.021320754716981118,
          0.015801886792452827,
          0.0044811320754717015,
          0.011273584905660376,
          0.0
        ],
        [
          0.9490104166666665,
          0.021093749999999984,
          0.01687499999999999,
          0.003177083333333335,
          0.009843750000000007,
          0.0
        ],
        [
          0.8884210526315793,
          0.04850877192982458,
          0.03293859649122806,
          0.008947368421052638,
          0.02118421052631578,
          0.0
        ],
        [
          0.999935064935065,
          0.0,
          0.0,
          0.0,
          6.493506493506494e-05,
          0.0
        ],
        [
          0.8470895522388058,
          0.07358208955223881,
          0.04701492537313433,
          0.00977611940298508,
          0.02253731343283582,
          0.0
        ],
        [
          0.9881481481481482,
          0.00746913580246914,
          0.002654320987654322,
          0.0009259259259259257,
          0.0008024691358024692,
          0.0
        ],
        [
          0.8204782608695652,
          0.09213043478260874,
          0.055695652173913056,
          0.01169565217391304,
          0.019999999999999983,
          0.0
        ],
        [
          0.7474000000000001,
          0.12350000000000008,
          0.08370000000000001,
          0.018949999999999988,
          0.026449999999999994,
          0.0
        ],
        [
          0.8996236559139784,
          0.049139784946236546,
          0.03806451612903224,
          0.0053763440860215075,
          0.0077956989247311885,
          0.0
        ],
        [
          1.0,
          0.0,
          0.0,
          0.0,
          0.0,
          0.0
        ],
        [
          0.8358846153846158,
          0.08865384615384615,
          0.05184615384615386,
          0.008923076923076922,
          0.014692307692307675,
          0.0
        ],
        [
          0.929333333333333,
          0.04277777777777777,
          0.019666666666666662,
          0.004000000000000003,
          0.004222222222222224,
          0.0
        ],
        [
          1.0,
          0.0,
          0.0,
          0.0,
          0.0,
          0.0
        ]
      ],
      "counts": [
        95,
        95,
        119,
        106,
        96,
        114,
        77,
        67,
        81,
        115,
        100,
        93,
        75,
        130,
        90,
        89
      ]
    },
    "plains|near_sett_5|coastal": {
      "rates": [
        0.018372093023255816,
        0.05752100840336135,
        0.06756578947368422,
        0.22624,
        0.2347907949790795,
        0.27479452054794523,
        0.29441704035874433,
        0.32779069767441865,
        0.33045833333333335,
        0.4146666666666667,
        0.41500000000000004,
        0.4185336538461539,
        0.42291512915129154,
        0.49921052631578944,
        0.5222453703703704,
        0.5991521739130435
      ],
      "dists": [
        [
          1.0,
          0.0,
          0.0,
          0.0,
          0.0,
          0.0
        ],
        [
          1.0,
          0.0,
          0.0,
          0.0,
          0.0,
          0.0
        ],
        [
          0.9605862068965512,
          0.006689655172413798,
          0.005482758620689658,
          0.0021379310344827596,
          0.02510344827586203,
          0.0
        ],
        [
          0.9250373134328364,
          0.03082089552238804,
          0.022276119402985062,
          0.007014925373134334,
          0.014850746268656703,
          0.0
        ],
        [
          0.9386507936507941,
          0.02710317460317458,
          0.019126984126984107,
          0.0042857142857142885,
          0.010833333333333325,
          0.0
        ],
        [
          0.8336734693877553,
          0.0645578231292517,
          0.04931972789115645,
          0.011734693877551008,
          0.04071428571428572,
          0.0
        ],
        [
          0.9993359375000003,
          0.00039062499999999997,
          3.90625e-05,
          0.00015625,
          7.8125e-05,
          0.0
        ],
        [
          0.7796276595744686,
          0.09090425531914893,
          0.07335106382978726,
          0.014893617021276583,
          0.041223404255319146,
          0.0
        ],
        [
          0.9768796992481201,
          0.014436090225563889,
          0.0050375939849624084,
          0.0019172932330827081,
          0.0017293233082706773,
          0.0
        ],
        [
          0.7472033898305084,
          0.10576271186440682,
          0.09288135593220335,
          0.012118644067796605,
          0.04203389830508472,
          0.0
        ],
        [
          0.6966917293233086,
          0.15146616541353386,
          0.09796992481203005,
          0.023759398496240584,
          0.030112781954887185,
          0.0
        ],
        [
          0.8730769230769232,
          0.06215384615384614,
          0.04880769230769231,
          0.0060769230769230805,
          0.009884615384615386,
          0.0
        ],
        [
          1.0,
          0.0,
          0.0,
          0.0,
          0.0,
          0.0
        ],
        [
          0.7794753086419752,
          0.12364197530864192,
          0.06339506172839504,
          0.012407407407407395,
          0.021080246913580226,
          0.0
        ],
        [
          0.8494247787610621,
          0.0889823008849557,
          0.043584070796460185,
          0.008761061946902661,
          0.009247787610619472,
          0.0
        ],
        [
          1.0,
          0.0,
          0.0,
          0.0,
          0.0,
          0.0
        ]
      ],
      "counts": [
        118,
        146,
        145,
        134,
        126,
        147,
        128,
        94,
        133,
        118,
        133,
        130,
        125,
        162,
        113,
        140
      ]
    },
    "plains|near_sett_3|coastal": {
      "rates": [
        0.018372093023255816,
        0.05752100840336135,
        0.06756578947368422,
        0.22624,
        0.2347907949790795,
        0.27479452054794523,
        0.29441704035874433,
        0.32779069767441865,
        0.33045833333333335,
        0.4146666666666667,
        0.41500000000000004,
        0.4185336538461539,
        0.42291512915129154,
        0.49921052631578944,
        0.5222453703703704,
        0.5991521739130435
      ],
      "dists": [
        [
          0.9998322147651009,
          6.711409395973155e-05,
          0.0,
          6.711409395973155e-05,
          3.3557046979865775e-05,
          0.0
        ],
        [
          0.9981543624161076,
          0.00087248322147651,
          0.00046979865771812075,
          0.0002684563758389262,
          0.00023489932885906043,
          0.0
        ],
        [
          0.9397175141242937,
          0.011638418079096016,
          0.00805084745762711,
          0.004265536723163844,
          0.03632768361581917,
          0.0
        ],
        [
          0.8176315789473687,
          0.07035087719298243,
          0.04678362573099414,
          0.013245614035087701,
          0.051988304093567236,
          0.0
        ],
        [
          0.8497580645161289,
          0.052338709677419305,
          0.04706989247311825,
          0.009999999999999983,
          0.040833333333333326,
          0.0
        ],
        [
          0.7884472049689435,
          0.08614906832298136,
          0.058913043478260874,
          0.015714285714285688,
          0.05077639751552794,
          0.0
        ],
        [
          0.9274074074074075,
          0.037074074074074044,
          0.02222222222222221,
          0.004259259259259261,
          0.009037037037037033,
          0.0
        ],
        [
          0.7385227272727278,
          0.11196969696969698,
          0.07958333333333334,
          0.017765151515151505,
          0.05215909090909092,
          0.0
        ],
        [
          0.8351302083333333,
          0.07286458333333337,
          0.05924479166666663,
          0.012317708333333304,
          0.0204427083333333,
          0.0
        ],
        [
          0.7137142857142856,
          0.12691428571428573,
          0.10017142857142854,
          0.016971428571428547,
          0.04222857142857141,
          0.0
        ],
        [
          0.5967692307692306,
          0.18257692307692308,
          0.134,
          0.028923076923076906,
          0.05773076923076923,
          0.0
        ],
        [
          0.7089855072463768,
          0.10873188405797107,
          0.13586956521739135,
          0.013768115942028966,
          0.03264492753623186,
          0.0
        ],
        [
          0.8499752475247526,
          0.10264851485148518,
          0.03636138613861385,
          0.006410891089108905,
          0.004603960396039607,
          0.0
        ],
        [
          0.6359057971014491,
          0.17858695652173906,
          0.120036231884058,
          0.020797101449275348,
          0.044673913043478224,
          0.0
        ],
        [
          0.5908333333333334,
          0.18920289855072467,
          0.15181159420289864,
          0.025978260869565183,
          0.04217391304347825,
          0.0
        ],
        [
          0.951656050955414,
          0.04038216560509549,
          0.005891719745222931,
          0.0013057324840764337,
          0.000764331210191083,
          0.0
        ]
      ],
      "counts": [
        149,
        149,
        177,
        171,
        186,
        161,
        135,
        132,
        192,
        175,
        130,
        138,
        202,
        138,
        138,
        157
      ]
    },
    "plains|near_sett_2|coastal": {
      "rates": [
        0.018372093023255816,
        0.05752100840336135,
        0.06756578947368422,
        0.22624,
        0.2347907949790795,
        0.27479452054794523,
        0.29441704035874433,
        0.32779069767441865,
        0.33045833333333335,
        0.4146666666666667,
        0.41500000000000004,
        0.4185336538461539,
        0.42291512915129154,
        0.49921052631578944,
        0.5222453703703704,
        0.5991521739130435
      ],
      "dists": [
        [
          0.9942248062015506,
          0.0012403100775193803,
          0.0006201550387596898,
          0.0006201550387596901,
          0.003294573643410855,
          0.0
        ],
        [
          0.9757539682539681,
          0.006746031746031749,
          0.004801587301587304,
          0.0020634920634920646,
          0.01063492063492063,
          0.0
        ],
        [
          0.9312598425196852,
          0.01523622047244093,
          0.009448818897637792,
          0.004330708661417325,
          0.039724409448818894,
          0.0
        ],
        [
          0.8001145038167944,
          0.06900763358778628,
          0.056755725190839684,
          0.015458015267175555,
          0.05866412213740461,
          0.0
        ],
        [
          0.8342805755395681,
          0.062122302158273364,
          0.052158273381294945,
          0.011043165467625892,
          0.040395683453237394,
          0.0
        ],
        [
          0.7869827586206898,
          0.0769396551724138,
          0.06956896551724139,
          0.01551724137931033,
          0.05099137931034482,
          0.0
        ],
        [
          0.7594444444444445,
          0.0794871794871795,
          0.0988888888888889,
          0.012264957264957256,
          0.04991452991452988,
          0.0
        ],
        [
          0.7179999999999999,
          0.11488888888888887,
          0.09227777777777779,
          0.021277777777777767,
          0.05355555555555556,
          0.0
        ],
        [
          0.6787593984962407,
          0.11323308270676694,
          0.12127819548872178,
          0.02131578947368419,
          0.0654135338345865,
          0.0
        ],
        [
          0.6986428571428571,
          0.13617857142857143,
          0.10342857142857141,
          0.017107142857142835,
          0.044642857142857116,
          0.0
        ],
        [
          0.5587931034482759,
          0.19436781609195403,
          0.16373563218390805,
          0.03132183908045976,
          0.05178160919540232,
          0.0
        ],
        [
          0.6741052631578947,
          0.1379473684210527,
          0.13978947368421052,
          0.014421052631578949,
          0.033736842105263155,
          0.0
        ],
        [
          0.6795224719101124,
          0.13047752808988763,
          0.14294943820224726,
          0.018202247191011208,
          0.028848314606741532,
          0.0
        ],
        [
          0.5903431372549018,
          0.20715686274509804,
          0.13416666666666663,
          0.022401960784313717,
          0.0459313725490196,
          0.0
        ],
        [
          0.43599009900990104,
          0.23727722772277232,
          0.21282178217821776,
          0.03589108910891088,
          0.078019801980198,
          0.0
        ],
        [
          0.6168918918918921,
          0.17635135135135133,
          0.1851351351351352,
          0.008885135135135131,
          0.012736486486486473,
          0.0
        ]
      ],
      "counts": [
        129,
        126,
        127,
        131,
        139,
        116,
        117,
        90,
        133,
        140,
        87,
        95,
        178,
        102,
        101,
        148
      ]
    },
    "plains|near_sett_1|coastal": {
      "rates": [
        0.018372093023255816,
        0.05752100840336135,
        0.06756578947368422,
        0.22624,
        0.2347907949790795,
        0.27479452054794523,
        0.29441704035874433,
        0.32779069767441865,
        0.33045833333333335,
        0.4146666666666667,
        0.41500000000000004,
        0.4185336538461539,
        0.42291512915129154,
        0.49921052631578944,
        0.5222453703703704,
        0.5991521739130435
      ],
      "dists": [
        [
          0.9078030303030306,
          0.006212121212121214,
          0.0013636363636363637,
          0.0012121212121212123,
          0.08340909090909089,
          0.0
        ],
        [
          0.8799999999999999,
          0.017000000000000005,
          0.009142857142857147,
          0.00485714285714286,
          0.08900000000000001,
          0.0
        ],
        [
          0.928888888888889,
          0.016349206349206356,
          0.006904761904761908,
          0.004920634920634923,
          0.04293650793650792,
          0.0
        ],
        [
          0.7897297297297298,
          0.0910810810810811,
          0.0452027027027027,
          0.014594594594594598,
          0.059391891891891896,
          0.0
        ],
        [
          0.82972972972973,
          0.06871621621621622,
          0.04594594594594594,
          0.010878378378378385,
          0.044729729729729724,
          0.0
        ],
        [
          0.7792372881355936,
          0.09889830508474579,
          0.05220338983050849,
          0.01771186440677967,
          0.05194915254237288,
          0.0
        ],
        [
          0.7836718749999999,
          0.08000000000000002,
          0.07664062500000002,
          0.013437500000000007,
          0.046250000000000006,
          0.0
        ],
        [
          0.7025641025641025,
          0.13076923076923072,
          0.0846153846153846,
          0.02320512820512822,
          0.058846153846153854,
          0.0
        ],
        [
          0.6443076923076924,
          0.1323846153846154,
          0.12392307692307691,
          0.023846153846153843,
          0.07553846153846157,
          0.0
        ],
        [
          0.7047058823529412,
          0.14720588235294116,
          0.08551470588235295,
          0.017352941176470592,
          0.04522058823529412,
          0.0
        ],
        [
          0.5677173913043477,
          0.20065217391304352,
          0.14967391304347827,
          0.030000000000000002,
          0.05195652173913043,
          0.0
        ],
        [
          0.6412222222222224,
          0.155,
          0.1546666666666667,
          0.01477777777777778,
          0.034333333333333334,
          0.0
        ],
        [
          0.5370000000000001,
          0.23700000000000004,
          0.14170588235294115,
          0.021411764705882342,
          0.06288235294117647,
          0.0
        ],
        [
          0.5833333333333333,
          0.23968749999999994,
          0.10020833333333333,
          0.02427083333333335,
          0.05250000000000002,
          0.0
        ],
        [
          0.4230434782608695,
          0.2853260869565217,
          0.17913043478260865,
          0.040434782608695645,
          0.07206521739130434,
          0.0
        ],
        [
          0.474527027027027,
          0.2504054054054054,
          0.1673648648648649,
          0.025472972972972963,
          0.08222972972972971,
          0.0
        ]
      ],
      "counts": [
        66,
        70,
        63,
        74,
        74,
        59,
        64,
        39,
        65,
        68,
        46,
        45,
        85,
        48,
        46,
        74
      ]
    },
    "forest|near_sett_2|coastal": {
      "rates": [
        0.018372093023255816,
        0.05752100840336135,
        0.06756578947368422,
        0.22624,
        0.2347907949790795,
        0.27479452054794523,
        0.29441704035874433,
        0.32779069767441865,
        0.33045833333333335,
        0.4146666666666667,
        0.41500000000000004,
        0.4185336538461539,
        0.42291512915129154,
        0.49921052631578944,
        0.5222453703703704,
        0.5991521739130435
      ],
      "dists": [
        [
          0.012500000000000002,
          0.0025000000000000005,
          0.0018055555555555557,
          0.00125,
          0.9819444444444441,
          0.0
        ],
        [
          0.022682926829268306,
          0.008658536585365856,
          0.006829268292682928,
          0.002682926829268293,
          0.9591463414634145,
          0.0
        ],
        [
          0.07820512820512822,
          0.01474358974358975,
          0.007179487179487183,
          0.004871794871794873,
          0.8950000000000002,
          0.0
        ],
        [
          0.12448979591836738,
          0.081734693877551,
          0.06469387755102039,
          0.017551020408163278,
          0.7115306122448981,
          0.0
        ],
        [
          0.08274193548387096,
          0.06435483870967743,
          0.04645161290322582,
          0.009112903225806455,
          0.7973387096774194,
          0.0
        ],
        [
          0.10527777777777779,
          0.08361111111111112,
          0.06583333333333335,
          0.016388888888888897,
          0.7288888888888887,
          0.0
        ],
        [
          0.09635135135135134,
          0.07851351351351352,
          0.09878378378378377,
          0.011351351351351355,
          0.7149999999999999,
          0.0
        ],
        [
          0.10437500000000001,
          0.12468750000000003,
          0.1021875,
          0.020468750000000008,
          0.6482812499999999,
          0.0
        ],
        [
          0.14137254901960786,
          0.11205882352941181,
          0.13352941176470587,
          0.02313725490196079,
          0.5899019607843138,
          0.0
        ],
        [
          0.09015625000000001,
          0.14937500000000004,
          0.11125000000000003,
          0.017500000000000005,
          0.63171875,
          0.0
        ],
        [
          0.13585714285714284,
          0.2051428571428571,
          0.18085714285714283,
          0.03514285714285715,
          0.443,
          0.0
        ],
        [
          0.06671875,
          0.1553125,
          0.13359375000000004,
          0.014218750000000006,
          0.6301562500000001,
          0.0
        ],
        [
          0.07386792452830188,
          0.16933962264150942,
          0.1900943396226415,
          0.024528301886792444,
          0.5421698113207546,
          0.0
        ],
        [
          0.11034482758620692,
          0.18982758620689655,
          0.14293103448275862,
          0.02379310344827587,
          0.5331034482758622,
          0.0
        ],
        [
          0.14675675675675678,
          0.2558108108108108,
          0.20878378378378376,
          0.04027027027027026,
          0.3483783783783784,
          0.0
        ],
        [
          0.02948979591836734,
          0.1929591836734694,
          0.21530612244897962,
          0.009591836734693882,
          0.5526530612244898,
          0.0
        ]
      ],
      "counts": [
        36,
        41,
        39,
        49,
        62,
        36,
        37,
        32,
        51,
        32,
        35,
        32,
        53,
        29,
        37,
        49
      ]
    },
    "plains|near_sett_4|coastal": {
      "rates": [
        0.018372093023255816,
        0.05752100840336135,
        0.06756578947368422,
        0.22624,
        0.2347907949790795,
        0.27479452054794523,
        0.29441704035874433,
        0.32779069767441865,
        0.33045833333333335,
        0.4146666666666667,
        0.41500000000000004,
        0.4185336538461539,
        0.42291512915129154,
        0.49921052631578944,
        0.5222453703703704,
        0.5991521739130435
      ],
      "dists": [
        [
          1.0,
          0.0,
          0.0,
          0.0,
          0.0,
          0.0
        ],
        [
          1.0,
          0.0,
          0.0,
          0.0,
          0.0,
          0.0
        ],
        [
          0.9520833333333332,
          0.00839743589743589,
          0.0057371794871794906,
          0.0029166666666666685,
          0.030865384615384572,
          0.0
        ],
        [
          0.8982102272727275,
          0.04315340909090908,
          0.028835227272727252,
          0.009204545454545441,
          0.020596590909090873,
          0.0
        ],
        [
          0.8686363636363641,
          0.04572727272727272,
          0.039818181818181794,
          0.007909090909090904,
          0.037909090909090906,
          0.0
        ],
        [
          0.8141411042944786,
          0.06291411042944785,
          0.05947852760736194,
          0.014478527607361933,
          0.0489877300613497,
          0.0
        ],
        [
          0.9506040268456377,
          0.02503355704697985,
          0.018255033557046968,
          0.002046979865771813,
          0.00406040268456376,
          0.0
        ],
        [
          0.7569583333333331,
          0.09537500000000008,
          0.07883333333333328,
          0.018416666666666647,
          0.05041666666666666,
          0.0
        ],
        [
          0.8957784431137723,
          0.04353293413173649,
          0.04077844311377242,
          0.00718562874251497,
          0.012724550898203572,
          0.0
        ],
        [
          0.7354402515723273,
          0.11248427672955975,
          0.0911006289308176,
          0.01449685534591194,
          0.04647798742138365,
          0.0
        ],
        [
          0.604903846153846,
          0.17099358974358986,
          0.14096153846153847,
          0.02897435897435896,
          0.05416666666666666,
          0.0
        ],
        [
          0.7446710526315784,
          0.09552631578947364,
          0.11398026315789474,
          0.011381578947368408,
          0.03444078947368417,
          0.0
        ],
        [
          0.998924731182796,
          0.0009677419354838712,
          5.3763440860215054e-05,
          2.6881720430107527e-05,
          2.6881720430107527e-05,
          0.0
        ],
        [
          0.6687500000000001,
          0.15769886363636362,
          0.1128977272727273,
          0.018551136363636343,
          0.042102272727272703,
          0.0
        ],
        [
          0.6857258064516129,
          0.13862903225806456,
          0.12750000000000006,
          0.019072580645161274,
          0.029072580645161286,
          0.0
        ],
        [
          1.0,
          0.0,
          0.0,
          0.0,
          0.0,
          0.0
        ]
      ],
      "counts": [
        145,
        154,
        156,
        176,
        165,
        163,
        149,
        120,
        167,
        159,
        156,
        152,
        186,
        176,
        124,
        158
      ]
    },
    "forest|near_sett_4|coastal": {
      "rates": [
        0.018372093023255816,
        0.05752100840336135,
        0.06756578947368422,
        0.22624,
        0.2347907949790795,
        0.27479452054794523,
        0.29441704035874433,
        0.32779069767441865,
        0.33045833333333335,
        0.4146666666666667,
        0.41500000000000004,
        0.4185336538461539,
        0.42291512915129154,
        0.49921052631578944,
        0.5222453703703704,
        0.5991521739130435
      ],
      "dists": [
        [
          0.0,
          0.0,
          0.0,
          0.0,
          1.0,
          0.0
        ],
        [
          0.0,
          0.0,
          0.0,
          0.0,
          1.0,
          0.0
        ],
        [
          0.06410714285714285,
          0.009196428571428576,
          0.006517857142857145,
          0.002857142857142857,
          0.9173214285714284,
          0.0
        ],
        [
          0.046818181818181814,
          0.04098484848484847,
          0.025833333333333333,
          0.010303030303030309,
          0.8760606060606063,
          0.0
        ],
        [
          0.07647540983606557,
          0.042459016393442614,
          0.0410655737704918,
          0.009016393442622955,
          0.8309836065573771,
          0.0
        ],
        [
          0.10315789473684212,
          0.07385964912280703,
          0.051491228070175435,
          0.016578947368421065,
          0.7549122807017543,
          0.0
        ],
        [
          0.009000000000000003,
          0.022800000000000008,
          0.017300000000000006,
          0.0035000000000000014,
          0.9474000000000001,
          0.0
        ],
        [
          0.1026923076923077,
          0.10413461538461541,
          0.08125000000000002,
          0.01875000000000001,
          0.693173076923077,
          0.0
        ],
        [
          0.029122807017543863,
          0.054736842105263146,
          0.04903508771929824,
          0.007894736842105269,
          0.8592105263157892,
          0.0
        ],
        [
          0.10782608695652175,
          0.12619565217391307,
          0.07858695652173912,
          0.01782608695652175,
          0.6695652173913045,
          0.0
        ],
        [
          0.13100000000000003,
          0.15544444444444447,
          0.11,
          0.0298888888888889,
          0.5736666666666667,
          0.0
        ],
        [
          0.06604166666666667,
          0.10895833333333332,
          0.11499999999999998,
          0.011250000000000003,
          0.6987500000000003,
          0.0
        ],
        [
          0.0,
          0.0006999999999999999,
          0.0001,
          0.0001,
          0.9990999999999999,
          0.0
        ],
        [
          0.08913793103448277,
          0.17172413793103447,
          0.11327586206896553,
          0.01775862068965518,
          0.6081034482758622,
          0.0
        ],
        [
          0.05671052631578948,
          0.13157894736842105,
          0.11302631578947368,
          0.018026315789473696,
          0.6806578947368422,
          0.0
        ],
        [
          0.0,
          0.0,
          0.0,
          0.0,
          1.0,
          0.0
        ]
      ],
      "counts": [
        56,
        55,
        56,
        66,
        61,
        57,
        50,
        52,
        57,
        46,
        45,
        48,
        50,
        58,
        38,
        63
      ]
    },
    "forest|near_sett_3|coastal": {
      "rates": [
        0.018372093023255816,
        0.05752100840336135,
        0.06756578947368422,
        0.22624,
        0.2347907949790795,
        0.27479452054794523,
        0.29441704035874433,
        0.32779069767441865,
        0.33045833333333335,
        0.4146666666666667,
        0.41500000000000004,
        0.4185336538461539,
        0.42291512915129154,
        0.49921052631578944,
        0.5222453703703704,
        0.5991521739130435
      ],
      "dists": [
        [
          0.00017857142857142857,
          0.0,
          0.0,
          0.0,
          0.9998214285714286,
          0.0
        ],
        [
          0.0012037037037037036,
          0.0012962962962962965,
          0.00018518518518518518,
          0.00018518518518518518,
          0.9971296296296296,
          0.0
        ],
        [
          0.07653846153846151,
          0.011538461538461544,
          0.008653846153846158,
          0.00403846153846154,
          0.8992307692307695,
          0.0
        ],
        [
          0.10875000000000007,
          0.06499999999999999,
          0.04509615384615385,
          0.013076923076923081,
          0.768076923076923,
          0.0
        ],
        [
          0.0825757575757576,
          0.04742424242424243,
          0.0531818181818182,
          0.010681818181818188,
          0.8061363636363637,
          0.0
        ],
        [
          0.10013157894736843,
          0.08513157894736845,
          0.05921052631578947,
          0.017236842105263165,
          0.7382894736842106,
          0.0
        ],
        [
          0.0185,
          0.03816666666666666,
          0.020916666666666677,
          0.004583333333333336,
          0.917833333333333,
          0.0
        ],
        [
          0.1020754716981132,
          0.1112264150943397,
          0.08,
          0.01933962264150944,
          0.6873584905660377,
          0.0
        ],
        [
          0.04921874999999998,
          0.07851562499999999,
          0.061484374999999994,
          0.013125000000000008,
          0.7976562500000001,
          0.0
        ],
        [
          0.10285714285714287,
          0.13107142857142856,
          0.10428571428571429,
          0.017261904761904773,
          0.6445238095238097,
          0.0
        ],
        [
          0.136875,
          0.179875,
          0.12787500000000002,
          0.030250000000000006,
          0.525125,
          0.0
        ],
        [
          0.062040816326530614,
          0.1172448979591837,
          0.1451020408163265,
          0.014081632653061232,
          0.661530612244898,
          0.0
        ],
        [
          0.011893939393939398,
          0.10962121212121212,
          0.037500000000000006,
          0.00484848484848485,
          0.8361363636363638,
          0.0
        ],
        [
          0.09896226415094343,
          0.2043396226415095,
          0.1228301886792453,
          0.02216981132075472,
          0.5516981132075471,
          0.0
        ],
        [
          0.08338235294117646,
          0.21705882352941186,
          0.141764705882353,
          0.03308823529411766,
          0.5247058823529411,
          0.0
        ],
        [
          0.0012142857142857144,
          0.035071428571428566,
          0.008071428571428571,
          0.0005714285714285715,
          0.9550714285714285,
          0.0
        ]
      ],
      "counts": [
        56,
        54,
        52,
        52,
        66,
        38,
        60,
        53,
        64,
        42,
        40,
        49,
        66,
        53,
        34,
        70
      ]
    },
    "forest|near_sett_7|coastal": {
